0.000, -0.000, -0.349, 0.011, 0.698, -0.384, -0.010, -0.000, -0.349, 0.006, 0.698, -0.384, -0.010, 1.611, 0.174, -0.174, -0.437, 0.000, 1.531, -0.175, 0.175, -0.436, 0.000, 0.000, -0.000
0.000, -0.000, -0.349, 0.043, 0.698, -0.384, -0.039, -0.000, -0.349, 0.023, 0.698, -0.384, -0.039, 1.651, 0.174, -0.174, -0.437, 0.000, 1.491, -0.175, 0.175, -0.436, 0.000, 0.000, -0.000
0.000, -0.000, -0.349, 0.082, 0.698, -0.384, -0.076, -0.000, -0.349, 0.049, 0.698, -0.384, -0.076, 1.686, 0.174, -0.174, -0.437, 0.000, 1.456, -0.175, 0.175, -0.436, 0.000, 0.000, -0.000
0.000, -0.000, -0.349, 0.122, 0.698, -0.384, -0.112, -0.000, -0.349, 0.081, 0.698, -0.384, -0.112, 1.713, 0.174, -0.174, -0.437, 0.000, 1.429, -0.175, 0.175, -0.436, 0.000, 0.000, -0.000
0.000, -0.000, -0.349, 0.158, 0.698, -0.384, -0.146, -0.000, -0.349, 0.111, 0.698, -0.384, -0.146, 1.734, 0.174, -0.174, -0.437, 0.000, 1.408, -0.175, 0.175, -0.436, 0.000, 0.000, -0.000
0.000, -0.000, -0.349, 0.186, 0.698, -0.384, -0.173, -0.000, -0.349, 0.135, 0.698, -0.384, -0.173, 1.748, 0.174, -0.174, -0.437, 0.000, 1.394, -0.175, 0.175, -0.436, 0.000, 0.000, -0.000
0.000, -0.000, -0.349, 0.207, 0.698, -0.384, -0.194, -0.000, -0.349, 0.152, 0.698, -0.384, -0.194, 1.756, 0.174, -0.174, -0.437, 0.000, 1.385, -0.175, 0.175, -0.436, 0.000, 0.000, -0.000
0.000, -0.000, -0.349, 0.223, 0.698, -0.384, -0.208, -0.000, -0.349, 0.165, 0.698, -0.384, -0.208, 1.762, 0.174, -0.174, -0.437, 0.000, 1.380, -0.175, 0.175, -0.436, 0.000, 0.000, -0.000
0.000, -0.000, -0.349, 0.235, 0.698, -0.384, -0.220, -0.000, -0.349, 0.175, 0.698, -0.384, -0.220, 1.765, 0.174, -0.174, -0.437, 0.000, 1.377, -0.175, 0.175, -0.436, 0.000, 0.000, -0.000
0.000, -0.000, -0.397, 0.244, 0.774, -0.411, -0.228, -0.000, -0.349, 0.182, 0.698, -0.384, -0.228, 1.767, 0.174, -0.174, -0.437, 0.000, 1.375, -0.175, 0.175, -0.436, 0.000, 0.000, -0.000
0.000, -0.000, -0.463, 0.250, 0.872, -0.444, -0.234, -0.000, -0.349, 0.187, 0.698, -0.384, -0.234, 1.768, 0.174, -0.174, -0.437, 0.000, 1.373, -0.175, 0.175, -0.436, 0.000, 0.000, -0.000
0.000, -0.000, -0.522, 0.255, 0.954, -0.467, -0.239, -0.000, -0.349, 0.191, 0.698, -0.384, -0.239, 1.769, 0.174, -0.174, -0.437, 0.000, 1.372, -0.175, 0.175, -0.436, 0.000, 0.000, -0.000
0.000, -0.000, -0.572, 0.258, 1.014, -0.477, -0.242, -0.000, -0.349, 0.193, 0.698, -0.384, -0.242, 1.769, 0.174, -0.174, -0.437, 0.000, 1.372, -0.175, 0.175, -0.436, 0.000, 0.000, -0.000
0.000, -0.000, -0.610, 0.260, 1.050, -0.474, -0.243, -0.000, -0.351, 0.195, 0.698, -0.381, -0.243, 1.769, 0.174, -0.174, -0.437, 0.000, 1.373, -0.175, 0.175, -0.436, 0.000, 0.000, -0.000
0.000, -0.000, -0.637, 0.260, 1.060, -0.458, -0.243, -0.000, -0.354, 0.194, 0.698, -0.379, -0.243, 1.768, 0.174, -0.174, -0.437, 0.000, 1.374, -0.175, 0.175, -0.436, 0.000, 0.000, -0.000
0.000, -0.000, -0.653, 0.260, 1.048, -0.430, -0.242, -0.000, -0.356, 0.193, 0.698, -0.377, -0.242, 1.766, 0.174, -0.174, -0.437, 0.000, 1.376, -0.175, 0.175, -0.436, 0.000, 0.000, -0.000
0.000, -0.000, -0.659, 0.257, 1.016, -0.391, -0.240, -0.000, -0.357, 0.190, 0.698, -0.376, -0.240, 1.763, 0.174, -0.174, -0.437, 0.000, 1.379, -0.175, 0.175, -0.436, 0.000, 0.000, -0.000
0.000, -0.000, -0.659, 0.252, 0.969, -0.345, -0.235, -0.000, -0.357, 0.185, 0.698, -0.376, -0.235, 1.758, 0.174, -0.174, -0.437, 0.000, 1.383, -0.175, 0.175, -0.436, 0.000, 0.000, -0.000
0.000, -0.000, -0.653, 0.243, 0.912, -0.294, -0.226, -0.000, -0.354, 0.177, 0.698, -0.379, -0.226, 1.751, 0.174, -0.174, -0.437, 0.000, 1.391, -0.175, 0.175, -0.436, 0.000, 0.000, -0.000
0.000, -0.000, -0.646, 0.229, 0.851, -0.240, -0.211, -0.000, -0.347, 0.162, 0.698, -0.386, -0.211, 1.739, 0.174, -0.174, -0.437, 0.000, 1.403, -0.175, 0.175, -0.436, 0.000, 0.000, -0.000
0.000, -0.000, -0.639, 0.206, 0.791, -0.187, -0.189, -0.000, -0.336, 0.139, 0.698, -0.397, -0.189, 1.720, 0.174, -0.174, -0.437, 0.000, 1.421, -0.175, 0.175, -0.436, 0.000, 0.000, -0.000
0.000, -0.000, -0.635, 0.174, 0.738, -0.137, -0.157, -0.000, -0.319, 0.107, 0.698, -0.414, -0.156, 1.695, 0.174, -0.174, -0.437, 0.000, 1.447, -0.175, 0.175, -0.436, 0.000, 0.000, -0.000
0.000, -0.000, -0.634, 0.133, 0.702, -0.102, -0.115, -0.000, -0.292, 0.067, 0.698, -0.439, -0.115, 1.662, 0.174, -0.174, -0.437, 0.000, 1.480, -0.175, 0.175, -0.436, 0.000, 0.000, -0.000
0.000, -0.000, -0.603, 0.083, 0.731, -0.172, -0.066, -0.000, -0.244, 0.039, 0.698, -0.465, -0.066, 1.623, 0.174, -0.174, -0.437, 0.000, 1.518, -0.175, 0.175, -0.436, 0.000, 0.000, -0.000
0.000, -0.000, -0.574, 0.029, 0.763, -0.240, -0.012, -0.000, -0.184, 0.007, 0.698, -0.503, -0.012, 1.580, 0.174, -0.174, -0.437, 0.000, 1.561, -0.175, 0.175, -0.436, 0.000, 0.000, -0.000
0.000, -0.000, -0.548, -0.015, 0.795, -0.307, 0.043, -0.000, -0.110, -0.049, 0.698, -0.554, 0.043, 1.537, 0.174, -0.174, -0.437, 0.000, 1.605, -0.175, 0.175, -0.436, 0.000, 0.000, -0.000
0.000, -0.000, -0.526, -0.050, 0.829, -0.372, 0.095, -0.000, -0.020, -0.105, 0.698, -0.620, 0.095, 1.496, 0.174, -0.174, -0.437, 0.000, 1.646, -0.175, 0.175, -0.436, 0.000, 0.000, -0.000
0.000, -0.000, -0.507, -0.086, 0.847, -0.415, 0.140, -0.000, 0.039, -0.153, 0.717, -0.684, 0.140, 1.460, 0.174, -0.174, -0.437, 0.000, 1.681, -0.175, 0.175, -0.436, 0.000, 0.000, -0.000
0.000, -0.000, -0.491, -0.124, 0.842, -0.424, 0.177, -0.000, 0.012, -0.192, 0.768, -0.712, 0.177, 1.432, 0.174, -0.174, -0.437, 0.000, 1.710, -0.175, 0.175, -0.436, 0.000, 0.000, -0.000
0.000, -0.000, -0.477, -0.152, 0.837, -0.431, 0.204, -0.000, -0.030, -0.220, 0.830, -0.736, 0.204, 1.410, 0.174, -0.174, -0.437, 0.000, 1.731, -0.175, 0.175, -0.436, 0.000, 0.000, -0.000
0.000, -0.000, -0.466, -0.172, 0.831, -0.435, 0.223, -0.000, -0.085, -0.239, 0.899, -0.754, 0.223, 1.396, 0.174, -0.174, -0.437, 0.000, 1.746, -0.175, 0.175, -0.436, 0.000, 0.000, -0.000
0.000, -0.000, -0.458, -0.184, 0.825, -0.436, 0.234, -0.000, -0.149, -0.251, 0.970, -0.765, 0.234, 1.386, 0.174, -0.174, -0.437, 0.000, 1.755, -0.175, 0.175, -0.436, 0.000, 0.000, -0.000
0.000, -0.000, -0.451, -0.191, 0.819, -0.434, 0.242, -0.000, -0.221, -0.258, 1.039, -0.767, 0.242, 1.381, 0.174, -0.174, -0.437, 0.000, 1.761, -0.175, 0.175, -0.436, 0.000, 0.000, -0.000
0.000, -0.000, -0.446, -0.196, 0.812, -0.431, 0.246, -0.000, -0.297, -0.263, 1.102, -0.759, 0.246, 1.377, 0.174, -0.174, -0.437, 0.000, 1.764, -0.175, 0.175, -0.436, 0.000, 0.000, -0.000
0.000, -0.000, -0.442, -0.198, 0.805, -0.426, 0.249, -0.000, -0.373, -0.266, 1.154, -0.740, 0.249, 1.375, 0.174, -0.174, -0.437, 0.000, 1.766, -0.175, 0.175, -0.436, 0.000, 0.000, -0.000
0.000, -0.000, -0.439, -0.200, 0.798, -0.420, 0.251, -0.000, -0.446, -0.268, 1.193, -0.710, 0.251, 1.374, 0.174, -0.174, -0.437, 0.000, 1.768, -0.175, 0.175, -0.436, 0.000, 0.000, -0.000
0.000, -0.000, -0.436, -0.202, 0.790, -0.414, 0.252, -0.000, -0.516, -0.269, 1.215, -0.669, 0.252, 1.373, 0.174, -0.174, -0.437, 0.000, 1.769, -0.175, 0.175, -0.436, 0.000, 0.000, -0.000
0.000, -0.000, -0.432, -0.202, 0.783, -0.408, 0.252, -0.000, -0.578, -0.269, 1.221, -0.617, 0.252, 1.373, 0.174, -0.174, -0.437, 0.000, 1.769, -0.175, 0.175, -0.436, 0.000, 0.000, -0.000
0.000, -0.000, -0.428, -0.201, 0.775, -0.402, 0.251, -0.000, -0.633, -0.269, 1.208, -0.555, 0.251, 1.373, 0.174, -0.174, -0.437, 0.000, 1.769, -0.175, 0.175, -0.436, 0.000, 0.000, -0.000
0.000, -0.000, -0.421, -0.200, 0.767, -0.398, 0.250, -0.000, -0.679, -0.267, 1.179, -0.485, 0.250, 1.374, 0.174, -0.174, -0.437, 0.000, 1.767, -0.175, 0.175, -0.436, 0.000, 0.000, -0.000
0.000, -0.000, -0.413, -0.198, 0.759, -0.396, 0.248, -0.000, -0.716, -0.265, 1.134, -0.410, 0.248, 1.376, 0.174, -0.174, -0.437, 0.000, 1.766, -0.175, 0.175, -0.436, 0.000, 0.000, -0.000
0.000, -0.000, -0.402, -0.194, 0.750, -0.396, 0.244, -0.000, -0.744, -0.262, 1.078, -0.332, 0.244, 1.378, 0.174, -0.174, -0.437, 0.000, 1.763, -0.175, 0.175, -0.436, 0.000, 0.000, -0.000
0.000, -0.000, -0.388, -0.189, 0.742, -0.400, 0.239, -0.000, -0.763, -0.256, 1.012, -0.253, 0.239, 1.383, 0.174, -0.174, -0.437, 0.000, 1.759, -0.175, 0.175, -0.436, 0.000, 0.000, -0.000
0.000, -0.000, -0.370, -0.180, 0.733, -0.407, 0.230, -0.000, -0.773, -0.248, 0.942, -0.179, 0.230, 1.390, 0.174, -0.174, -0.437, 0.000, 1.752, -0.175, 0.175, -0.436, 0.000, 0.000, -0.000
0.000, -0.000, -0.347, -0.165, 0.724, -0.418, 0.216, -0.000, -0.776, -0.233, 0.871, -0.111, 0.216, 1.401, 0.174, -0.174, -0.437, 0.000, 1.740, -0.175, 0.175, -0.436, 0.000, 0.000, -0.000
0.000, -0.000, -0.320, -0.143, 0.715, -0.435, 0.193, -0.000, -0.773, -0.211, 0.804, -0.054, 0.193, 1.418, 0.174, -0.174, -0.437, 0.000, 1.723, -0.175, 0.175, -0.436, 0.000, 0.000, -0.000
0.000, -0.000, -0.286, -0.112, 0.706, -0.457, 0.162, -0.000, -0.763, -0.180, 0.746, -0.012, 0.162, 1.443, 0.174, -0.174, -0.437, 0.000, 1.698, -0.175, 0.175, -0.436, 0.000, 0.000, -0.000
0.000, -0.000, -0.246, -0.072, 0.698, -0.487, 0.122, -0.000, -0.748, -0.139, 0.699, 0.013, 0.122, 1.475, 0.174, -0.174, -0.437, 0.000, 1.666, -0.175, 0.175, -0.436, 0.000, 0.000, -0.000
0.000, -0.000, -0.181, -0.044, 0.698, -0.526, 0.073, -0.000, -0.695, -0.091, 0.735, -0.085, 0.073, 1.513, 0.174, -0.174, -0.437, 0.000, 1.628, -0.175, 0.175, -0.436, 0.000, 0.000, -0.000
0.000, -0.000, -0.108, -0.012, 0.698, -0.571, 0.019, -0.000, -0.649, -0.037, 0.775, -0.181, 0.019, 1.556, 0.174, -0.174, -0.437, 0.000, 1.586, -0.175, 0.175, -0.436, 0.000, 0.000, -0.000
0.000, -0.000, -0.025, 0.041, 0.698, -0.625, -0.036, -0.000, -0.610, 0.009, 0.815, -0.271, -0.036, 1.599, 0.174, -0.174, -0.437, 0.000, 1.542, -0.175, 0.175, -0.436, 0.000, 0.000, -0.000
0.000, -0.000, 0.067, 0.098, 0.698, -0.688, -0.088, -0.000, -0.576, 0.045, 0.855, -0.356, -0.089, 1.641, 0.174, -0.174, -0.437, 0.000, 1.501, -0.175, 0.175, -0.436, 0.000, 0.000, -0.000
0.000, -0.000, 0.137, 0.147, 0.711, -0.751, -0.135, -0.000, -0.548, 0.080, 0.883, -0.419, -0.135, 1.677, 0.174, -0.174, -0.437, 0.000, 1.464, -0.175, 0.175, -0.436, 0.000, 0.000, -0.000
0.000, -0.000, 0.107, 0.187, 0.762, -0.777, -0.173, -0.000, -0.525, 0.120, 0.874, -0.431, -0.173, 1.707, 0.174, -0.174, -0.437, 0.000, 1.435, -0.175, 0.175, -0.436, 0.000, 0.000, -0.000
0.000, -0.000, 0.058, 0.216, 0.823, -0.796, -0.201, -0.000, -0.506, 0.149, 0.866, -0.439, -0.201, 1.729, 0.174, -0.174, -0.437, 0.000, 1.412, -0.175, 0.175, -0.436, 0.000, 0.000, -0.000
0.000, -0.000, -0.005, 0.237, 0.891, -0.807, -0.220, -0.000, -0.491, 0.169, 0.857, -0.443, -0.220, 1.745, 0.174, -0.174, -0.437, 0.000, 1.397, -0.175, 0.175, -0.436, 0.000, 0.000, -0.000
0.000, -0.000, -0.079, 0.249, 0.962, -0.811, -0.233, -0.000, -0.479, 0.182, 0.848, -0.443, -0.233, 1.754, 0.174, -0.174, -0.437, 0.000, 1.387, -0.175, 0.175, -0.436, 0.000, 0.000, -0.000
0.000, -0.000, -0.160, 0.257, 1.031, -0.805, -0.241, -0.000, -0.469, 0.190, 0.839, -0.441, -0.241, 1.760, 0.174, -0.174, -0.437, 0.000, 1.381, -0.175, 0.175, -0.436, 0.000, 0.000, -0.000
0.000, -0.000, -0.246, 0.262, 1.095, -0.790, -0.245, -0.000, -0.462, 0.195, 0.829, -0.437, -0.245, 1.764, 0.174, -0.174, -0.437, 0.000, 1.377, -0.175, 0.175, -0.436, 0.000, 0.000, -0.000
0.000, -0.000, -0.332, 0.265, 1.149, -0.764, -0.248, -0.000, -0.457, 0.198, 0.820, -0.431, -0.248, 1.766, 0.174, -0.174, -0.437, 0.000, 1.375, -0.175, 0.175, -0.436, 0.000, 0.000, -0.000
0.000, -0.000, -0.416, 0.267, 1.189, -0.727, -0.250, -0.000, -0.452, 0.200, 0.811, -0.424, -0.250, 1.768, 0.174, -0.174, -0.437, 0.000, 1.373, -0.175, 0.175, -0.436, 0.000, 0.000, -0.000
0.000, -0.000, -0.495, 0.268, 1.214, -0.680, -0.251, -0.000, -0.448, 0.201, 0.802, -0.416, -0.251, 1.769, 0.174, -0.174, -0.437, 0.000, 1.373, -0.175, 0.175, -0.436, 0.000, 0.000, -0.000
0.000, -0.000, -0.567, 0.269, 1.222, -0.622, -0.252, -0.000, -0.443, 0.202, 0.792, -0.409, -0.252, 1.769, 0.174, -0.174, -0.437, 0.000, 1.372, -0.175, 0.175, -0.436, 0.000, 0.000, -0.000
0.000, -0.000, -0.631, 0.268, 1.212, -0.554, -0.251, -0.000, -0.437, 0.201, 0.783, -0.403, -0.251, 1.769, 0.174, -0.174, -0.437, 0.000, 1.373, -0.175, 0.175, -0.436, 0.000, 0.000, -0.000
0.000, -0.000, -0.685, 0.267, 1.184, -0.480, -0.250, -0.000, -0.430, 0.200, 0.773, -0.398, -0.250, 1.768, 0.174, -0.174, -0.437, 0.000, 1.374, -0.175, 0.175, -0.436, 0.000, 0.000, -0.000
0.000, -0.000, -0.729, 0.265, 1.142, -0.400, -0.248, -0.000, -0.421, 0.198, 0.764, -0.395, -0.248, 1.766, 0.174, -0.174, -0.437, 0.000, 1.375, -0.175, 0.175, -0.436, 0.000, 0.000, -0.000
